1
2
6
7
8
9
10
13
14
15
17
22
25
26
28
29
32
34
35
36
37
38
39
40
42
43
45
46
47
50
51
52
53
55
56
57
58
61
64
68
69
71
72
73
74
78
80
81
84
85
86
87
89
91
95
96
97
98
99
100
101
102
103
104
105
106
109
110
116
117
119
120
121
122
123
124
125
126
129
130
131
132
133
135
136
137
138
139
140
141
142
145
146
147
148
149
150
151
152
153
154
159
160
161
162
163
165
166
168
170
172
173
174
175
177
178
179
182
183
185
186
187
188
190
192
194
195
197
198
199
200
201
202
203
206
207
208
210
211
212
213
214
215
216
217
218
219
220
221
222
223
224
225
227
229
230
231
232
234
235
236
239
240
241
242
245
247
248
249
250
251
252
254
256
257
260
261
262
266
267
268
269
271
272
273
274
275
276
279
280
281
283
286
287
288
289
290
291
293
295
296
297
298
300
302
303
304
305
308
312
313
314
315
316
317
318
319
322
323
324
327
328
330
332
333
334
335
337
338
339
340
341
344
345
346
347
349
350
351
352
353
354
355
357
358
359
360
361
362
363
364
365
366
367
368
369
370
371
372
373
374
375
376
377
378
379
380
381
382
383
384
385
386
387
388
389
390
391
392
393
394
395
396
397
398
399
400
401
402
403
404
405
406
407
408
409
410
411
412
413
414
415
416
417
418
419
420
421
422
423
424
425
426
427
428
429
430
431
432
433
434
435
436
437
438
439
440
441
442
443
444
445
447
448
449
450
451
452
453
454
455
456
457
459
460
461
462
463
465
466
467
